1.33049e+09 0 0 0
1 -0.0178424 1.34056 0.397926
2 -0.04761 -0.169517 0.227744
3 -0.675005 0.342048 -1.07546
4 -60.1945 -25.8673 13.1885
5 -0.997616 1.47308 -0.146235
6 0.0900136 -0.127282 0.217631
7 -1.61236 -0.502925 0.887426
8 0 0 0
9 -0.441599 0.101251 -3.22812
10 -0.197399 -0.0363722 -0.443956
11 0.277776 2.02023 -3.77963
12 1.33077 -1.25838 0.569399
13 0.0905296 -1.18606 1.22226
14 -0.142687 3.29411 0.855137
15 1.40124 0.0162812 -0.249473
16 -7.79501 -7.24057 -8.38037
17 0.167249 -2.02923 3.53383
18 -0.383777 0.187798 0.693987
19 -0.11506 0.433996 -0.373515
20 -1.43929 0.352451 -1.2565
21 -1.00792 0.807366 -0.886308
22 0.0679021 0.166185 -0.164905
23 1.3128 -0.630304 -1.18479
24 0.605062 0.850296 -0.500995
25 2.30046 4.30532 -1.44908
26 49.717 -1.67677 -19.8875
27 -0.235042 -0.0766064 0.272035
28 1.88324 -0.720657 1.08267
29 0.808998 -0.617358 -0.682033
30 -0.446268 0.0453845 -0.458785
31 2.07963 8.88574 -11.2037
32 1.0908 0.812003 -1.86103
33 1.0156 1.32029 -0.13281
34 0.956892 0.450064 -0.350058
35 0.622254 0.638015 -0.378574
36 -0.935535 0.305433 -0.30331
37 3.04882 3.47219 1.70834
38 0.87342 0.786202 -0.135261
39 -5.61941 1.29927 5.00326
40 -0.423322 -0.0311519 -1.66489
41 1.42805 5.23625 1.04409
42 -1.35611 0.147217 1.23882
43 5.09547 0.954021 -3.81307
44 -0.22017 -0.621567 -1.35361
45 -0.851571 -0.439586 0.153203
46 -14.0028 45.869 16.5516
47 -0.303878 -0.257268 0.191128
48 -1.87942 3.48063 -1.95841
49 -1.25701 -0.509621 0.15671
50 0.0900136 -0.127282 0.217631
51 -1.56203 3.28855 -2.2492
52 -0.75264 1.46571 1.88904
53 -1.65371 -1.04738 0.17512
54 -0.401171 0.11473 0.45144
55 2870.83 -188.302 -3393.2
56 -0.535603 0.290318 -0.735819
57 -0.228925 -1.03874 0.40408
58 8.68205 1.37942 17.9846
59 -2.11973 -1.93087 2.856
60 -38.2952 19.2757 -22.3595
61 -0.699224 -0.394488 -0.718333
62 -34.4339 10.805 -3.82863
63 0.434026 -0.0180036 -0.658992
64 -8.31767 40.8637 136.726
65 2.05086 -0.286394 -0.85424
66 -0.828198 0.383899 -0.349308
67 -0.91804 2.50252 -1.65697
68 1.58741 -0.214797 1.8412
69 6.60244 -2.91302 3.58905
70 0.222064 -0.239131 2.09608
71 -1.20338 1.58477 0.0542226
72 0.9101 1.50386 0.855143
73 -0.000202735 0.0840971 -0.0594659
74 -1.22046 -2.37493 0.643036
75 -0.301589 0.259874 -0.728026
76 25.4702 11.8042 -12.5907
77 0.103811 -2.12288 1.70206
78 0.561115 -1.98823 -1.03283
79 14.8414 11.9286 -9.39649
80 0.323676 2.25787 -3.61168
81 1.49793 -7.33896 0.895273
82 -1.85209 -0.660231 -0.759994
83 -16.9918 9.55478 1.80336
84 -1.43929 0.352451 -1.2565
85 -0.251969 1.25687 0.484103
86 0.614484 2.93777 -2.75437
87 -0.626904 -0.876976 0.330944
88 0.170148 -0.144951 0.219338
89 -0.909416 0.904122 -0.345044
90 -0.610183 -0.864174 -0.505944
91 -122.363 -1.34749 26.0563
92 -1.30086 0.051641 -0.940004
93 -1.15618 0.158393 -1.04652
94 -2.7162 -19.6351 0.0111552
95 -0.0213538 -0.165034 0.83572
96 2.70755 -0.731767 0.08685
97 0.267247 -1.05784 -0.154378
98 1.40124 0.0162812 -0.249473
99 0.797345 0.251921 -1.3202
100 0.561332 -0.473367 0.691211
101 0.61833 -0.0538972 0.788816
102 2.57986 2.70593 -3.07796
103 -0.882992 0.752838 0.988475
104 -1.42155 -1.28117 1.72761
105 0.411996 1.12462 0.226094
106 1.16428 2.70577 0.0716349
107 4.64611 1.66601 -8.55904
108 -1.81607 -0.357253 -0.491358
109 -0.178467 3.54225 -3.74017
110 -1.85623 -3.70154 -3.20248
111 -7.17885 -3.9815 -2.57552
112 -4.89856 0.0628241 1.88912
113 -1.8424 0.30839 2.56326
114 -1.81607 -0.357253 -0.491358
115 17.5842 -8.93049 0.595407
116 -0.35227 -2.00916 1.47904
117 -0.690192 2.02015 -0.966982
118 -0.750315 4.44083 4.45921
119 0.237104 0.191237 2.43946
120 0.699151 -4.88161 11.7406
121 0.735369 1.58064 0.522815
122 -1.68966 -0.418867 0.662053
123 -0.297907 1.62114 -0.0706736
124 31.707 20.1854 21.2658
125 81.8609 -204.269 125.304
126 -0.325712 3.60712 -28.891
127 1.22159 0.441196 -0.158595
128 1.93756 0.615203 0.900338
129 9.15725 3.05424 -9.08731
130 -2.28312 -0.212529 0.275224
131 1.09035 0.339455 0.54749
132 -3.14811 -0.637741 -0.960211
133 0.0125144 -0.0780642 1.13349
134 -0.343349 0.358314 0.569028
135 -0.189316 -0.548655 0.147582
136 -1.35946 -6.02764 1.06949
137 1.70335 1.64032 -3.18495
138 0.202878 -0.784149 -1.02123
139 -1.26874 3.00127 3.13703
140 0.93501 0.279425 -0.398765
141 -5.81578 8.74579 -2.99424
142 1.96913 1.33389 3.2499
143 -2.76713 0.647447 2.3779
144 0.317247 -1.54683 0.158792
145 -1.66081 0.711131 1.73665
146 -0.769448 0.901413 1.11382
147 -1.81607 -0.357253 -0.491358
148 1.64212 -0.733621 -1.09945
149 0.706015 0.918433 0.598233
150 6.14117 3.59992 -4.52254
151 -1.25791 1.07437 0.559685
152 0.371278 -1.25772 1.16583
153 -1.58865 2.77882 4.69781
154 -1.00225 -0.236904 0.0184117
155 -3.42874 -0.192373 -0.253308
156 -122.363 -1.34749 26.0563
157 0.215981 -0.526079 -0.35015
158 -0.832524 0.729452 0.458614
159 -0.375714 0.722892 1.49483
160 0.572396 -0.726782 -0.974783
161 -1.14804 0.857385 -0.975509
162 -0.690192 2.02015 -0.966982
163 -0.451484 -0.277731 0.301995
164 0.468334 1.24198 1.77802
165 -1.39654 -0.827471 2.23677
166 -1.23003 2.58116 -1.70477
167 -0.419835 -1.65291 1.32331
168 0 0 0
169 -1.8424 0.30839 2.56326
170 -0.997616 1.47308 -0.146235
171 -1.08948 -0.269745 -3.30813
172 1.64212 -0.733621 -1.09945
173 1.0988 0.608835 0.202337
174 0 0 0
175 0.457136 -0.14601 0.35783
176 -0.873988 2.57918 -1.15441
177 31.707 20.1854 21.2658
178 -54.9105 0.371587 8.9244
179 -0.50865 0.903168 0.196166
180 -0.886058 -0.298934 -0.0461201
181 -1.42155 -1.28117 1.72761
182 -6.098 -2.20308 -18.2509
183 4.31565 3.34015 -1.22684
184 -1.3888 -2.41408 -0.26324
185 0.360997 1.63216 -0.216724
186 -1.46405 4.37275 -2.29028
187 0.566562 1.8336 -2.06574
188 1.32753 -0.130261 0.0813883
189 -1.62215 -1.64682 1.91172
190 -1.73013 -4.60665 3.21312
191 -1.18517 3.17295 0.70271
192 -0.325314 0.859599 -0.0496266
193 -0.138705 0.674183 -0.504884
194 -0.0562629 -0.0839886 -0.547707
195 0.0747206 0.476553 -1.64582
196 1.64212 -0.733621 -1.09945
197 0.669355 -1.28563 0.135456
198 -1.76334 -0.091826 3.71111
199 -5.8257 -1.36954 -0.979919
200 0.730696 1.8446 1.72054
201 15.7284 -10.6965 1.62167
202 0.655554 1.61766 -2.83165
203 -0.839962 3.66177 -1.80294
204 -0.0028627 -2.9251 0.445947
205 8.68205 1.37942 17.9846
206 -0.28812 -0.354085 -1.38888
207 -0.828198 0.383899 -0.349308
208 -5.5308 -1.16097 -5.142
209 -0.482582 0.114484 -1.25406
210 -0.438511 0.407318 0.97259
211 38.7306 -54.0528 -21.8584
212 1.1321 -6.07381 -2.30767
213 17.5211 -8.33243 -5.92748
214 0.323676 2.25787 -3.61168
215 -0.846037 8.52042 -3.09583
216 0.55813 -2.12917 -1.30702
217 -2.22558 1.56365 1.84573
218 21.3058 64.5041 69.5677
219 -2.7162 -19.6351 0.0111552
220 -0.553876 1.18262 1.28199
221 1.10422 0.295406 1.39421
222 -2.07963 -1.64496 0.590202
223 0.789398 1.17608 -0.113627
224 1.71514 -0.246054 0.584856
225 -2.89159 -3.10534 0.798492
226 1.25342 -0.290339 0.234627
227 1.29883 1.36359 -0.0418759
228 0.683514 -0.101296 0.803443
229 0.415726 -1.27427 0.288122
230 2.8723 5.94402 9.33171
231 0.563424 -0.73562 0.704337
232 0.14285 1.87923 0.161493
233 -7.62629 -0.914126 1.69361
234 -0.482164 -0.630735 -0.241264
235 -2.76713 0.647447 2.3779
236 0.985544 -0.180866 -0.402844
237 0.119644 0.35663 -0.91088
238 -2.19476 -0.358723 0.257909
239 -0.502945 0.177225 -0.409149
240 0.188247 -0.00267219 0.233041
241 -1.87155 0.0691381 2.09395
242 0.579027 0.625952 0.540044
243 -0.389814 0.168206 -0.525778
244 3.57237 0.337002 -2.94614
245 -0.871328 -0.195332 0.41759
246 -0.690192 2.02015 -0.966982
247 -0.360439 -0.748666 -1.14804
248 1.8826 2.21093 -3.3203
249 0.792323 -0.423476 -0.077032
250 -0.673203 -0.185806 0.133736
251 -1.04731 -0.118914 1.16929
252 -2.47135 2.0842 -1.14234
253 -11.9144 -0.0395855 -5.50751
254 0.725135 -0.0402647 0.314198
255 -0.699224 -0.394488 -0.718333
256 -3.71982 -6.76196 2.4059
257 0.748456 -0.294438 0.559547
258 -5.84034 8.55492 -12.8546
259 -0.423322 -0.0311519 -1.66489
260 0.448216 0.117747 -0.18979
261 -2.74472 -1.758 1.41124
262 -4.50448 -8.61648 -4.17346
263 0.503124 -1.7859 -0.180469
264 -62.5491 -28.3306 -0.111845
265 -1.66081 0.711131 1.73665
266 -2.38051 3.14873 4.34667
267 2.62898 -0.637655 1.44571
268 -4.21661 1.55207 2.42737
269 -4.4233 -9.77162 5.11592
270 1.02058 -0.0887683 0.593788
271 -0.071438 0.279696 0.846289
272 2.80997 6.02643 -2.773
273 4.25083 2.83354 -5.97851
274 4.44882 -1.74467 -0.707485
275 -0.894562 -0.839588 0.00449574
276 -2.22903 0.666204 5.69037
277 1.17361 2.9742 -0.577202
278 -0.565508 -0.46264 0.956935
279 -0.20607 -0.88919 1.17981
280 4.6431 13.9416 3.73622
281 -4.59426 -0.00252288 -3.78539
282 -0.0501418 1.17829 -0.568
283 2.98539 1.13071 -2.71494
284 -2.7162 -19.6351 0.0111552
285 -0.34708 -0.00360796 0.267908
286 -2.69704 -0.695644 1.7879
287 -0.690192 2.02015 -0.966982
288 -0.178467 3.54225 -3.74017
289 -2.67221 -0.977834 0.342821
290 -1.08948 -0.269745 -3.30813
291 11.1079 -0.100642 -11.9054
292 0.277776 2.02023 -3.77963
293 1.0851 -0.120954 0.36485
294 2.18942 -0.204598 0.18021
295 -0.0850595 -0.171191 0.849624
296 1.95858 -1.97107 0.631767
297 -1.23003 2.58116 -1.70477
298 -2.37376 5.59792 -5.71806
299 -1.13955 2.20823 1.06557
300 -2.48407 1.13246 -3.5342
301 1.20144 -1.15964 0.570147
302 -0.229918 -0.799415 -2.58426
303 0.824725 -0.614937 -0.402103
304 1.7554 0.816762 -1.29092
305 0.748456 -0.294438 0.559547
306 -3.14811 -0.637741 -0.960211
307 1.10422 0.295406 1.39421
308 -0.535603 0.290318 -0.735819
309 -0.126267 -0.220463 0.147375
310 0.263649 12.4938 -10.717
311 -1.25872 -0.328616 0.0791857
312 3.74882 -1.58065 1.97347
313 -0.295555 -0.387533 0.0756508
314 0.224739 0.588656 2.0925
315 -0.72109 0.611162 0.661985
316 0.024445 0.236345 -0.402958
317 0.263649 12.4938 -10.717
318 7.2795 6.09901 14.4953
319 -0.690192 2.02015 -0.966982
320 -1.01012 -0.931637 0.831209
321 1.97944 -2.06742 0.945886
322 0.965053 0.797242 -0.915664
323 8.64513 -2.54051 3.72711
324 2.43803 -0.644641 0.576566
325 -0.0838805 0.287733 -0.424711
326 -5.5308 -1.16097 -5.142
327 -0.816929 0.754507 0.456061
328 7.29638 2.25013 2.70348
329 0.566562 1.8336 -2.06574
330 -0.595397 -9.05523 6.73122
331 -0.406361 0.0355854 -0.00613092
332 -1.3888 -2.41408 -0.26324
333 -3.5081 1.07258 -2.34286
334 2.48593 1.54129 0.314212
335 -0.690192 2.02015 -0.966982
336 -1.3402 -2.43416 -1.12567
337 -3.17833 -3.8766 1.82929
338 0.182021 -0.100236 -0.0890667
339 -0.477451 -2.23953 3.09628
340 6.14117 3.59992 -4.52254
341 -0.423322 -0.0311519 -1.66489
342 0.750145 -0.00705024 -0.901048
343 0.33375 -1.36389 -2.73298
344 0.864176 -0.471187 1.97535
345 0.603172 -0.105428 -0.350277
346 -0.553876 1.18262 1.28199
347 -0.0187628 -0.055201 -0.369578
348 3.96778 -2.28288 -3.01891
349 2.15436 0.618112 3.19977
350 0.233341 0.422957 0.283667
351 -0.502945 0.177225 -0.409149
352 0.652857 0.473562 0.310194
353 -7.98262 -26.0241 -10.2298
354 -1.09891 -1.32311 0.68173
355 3.05448 3.23017 -3.5153
356 -4.4233 -9.77162 5.11592
357 0.243519 0.646826 -1.62173
358 -13.5325 -5.89736 -0.494008
359 -1.42155 -1.28117 1.72761
360 0.644016 0.439637 -0.485858
361 -1.81607 -0.357253 -0.491358
362 -1.1086 1.31613 -2.18669
363 1.25847 -0.483279 -0.834784
364 -0.50986 0.0245312 -0.768656
365 -8.2203 3.32444 3.00297
366 2.25402 1.59549 0.872052
367 0 0 0
368 0.157432 -2.7339 -1.69626
369 6.29772 -4.5727 -1.59476
370 1.34103 -0.163854 1.59748
371 0.488571 1.64951 -0.352811
372 -0.348454 0.381654 -1.04367
373 0.48489 1.51037 -0.887979
374 0.849556 -0.412066 -0.266048
375 1.0908 0.812003 -1.86103
376 -0.0781279 0.474332 -0.945934
377 -0.775352 -0.961377 1.47852
378 -1.3888 -2.41408 -0.26324
379 -1.35436 -2.23004 2.38865
380 0.808998 -0.617358 -0.682033
381 -4.22333 -9.56936 -5.08522
382 -1.01325 0.553645 0.542586
383 0.43865 -0.716705 0.104566
384 0.215981 -0.526079 -0.35015
385 1.93756 0.615203 0.900338
386 6.61168 -7.17943 -4.15878
387 -1.23965 5.45438 2.63396
388 -2.70669 -2.16208 -7.97823
389 0.748456 -0.294438 0.559547
390 -1.1086 1.31613 -2.18669
391 -0.240756 0.850072 1.10981
392 0.677957 -0.270418 -0.383176
393 -1.40517 -6.78893 3.01821
394 -16.9918 9.55478 1.80336
395 2.67226 -0.668604 -3.14864
396 -3.41501 -0.898589 0.535258
397 -3.85443 -7.59647 -6.17135
398 0.0716602 1.32195 -1.24385
399 0.182021 -0.100236 -0.0890667
400 0.84696 -0.973669 0.745894
401 0.968567 0.217717 -0.164519
402 -0.690192 2.02015 -0.966982
403 0.103811 -2.12288 1.70206
404 0.183735 -0.176091 -0.0661747
405 -0.553876 1.18262 1.28199
406 1.29883 1.36359 -0.0418759
407 -2.74472 -1.758 1.41124
408 39.1249 96.3855 16.7313
409 1.80918 6.96154 0.285597
410 -1.36774 -0.793302 -5.94932
411 0.0900136 -0.127282 0.217631
412 -0.698901 3.50459 -0.66633
413 -0.824277 1.05566 0.558771
414 -0.221757 -0.222071 -0.658477
415 -0.177823 -0.330789 0.830468
416 3.13337 -2.86059 -4.80049
417 -0.0501418 1.17829 -0.568
418 -0.423322 -0.0311519 -1.66489
419 0.103811 -2.12288 1.70206
420 -4.4233 -9.77162 5.11592
421 0.706822 -0.713735 0.0836567
422 -5.75719 -5.32603 3.29697
423 0.251773 1.63897 1.10677
424 -0.178467 3.54225 -3.74017
425 0.7689 1.20286 -0.86316
426 -0.148556 1.85216 1.48507
427 5.09547 0.954021 -3.81307
428 0.0671236 -0.328057 -0.699339
429 -0.926919 -0.855743 -0.547399
430 -3.14811 -0.637741 -0.960211
431 11.1079 -0.100642 -11.9054
432 1.17859 0.26121 -0.0642985
433 1.12107 -1.42348 -4.03138
434 -9.12736 5.61763 3.08601
435 1.17361 2.9742 -0.577202
436 -32.1689 -4.08693 -14.2912
437 0.751412 2.02729 0.503572
438 0.517458 0.493541 0.940341
439 2.99011 -2.74464 -9.83077
440 -1.04388 0.904237 -0.183695
441 -3.70447 0.684407 -0.508672
442 -1.90884 -2.97248 1.32629
443 -0.879233 -0.874747 -0.199225
444 0.404509 0.979895 -0.213583
445 0.182021 -0.100236 -0.0890667
446 0.319365 0.282471 -0.431359
447 -5.5308 -1.16097 -5.142
448 0.692817 0.647055 1.21392
449 3.17531 2.41163 -4.77311
450 0.13869 0.522631 -0.686593
451 -0.901116 -1.22461 0.440036
452 17.5211 -8.33243 -5.92748
453 17.0513 -15.0758 -23.3476
454 -0.562093 1.00008 -0.53494
455 2.97701 0.406798 0.522321
456 0.7689 1.20286 -0.86316
457 -0.174553 0.527644 -1.4158
458 1.31812 1.21707 -0.0162858
459 0.233341 0.422957 0.283667
460 0.546082 -0.35458 -0.07394
461 -1.04731 -0.118914 1.16929
462 -0.0169516 -0.34048 0.596293
463 -0.502945 0.177225 -0.409149
464 -5.75719 -5.32603 3.29697
465 -0.0867068 0.393056 -0.131804
466 6.79732 -3.38452 -3.29561
467 2.18942 -0.204598 0.18021
468 -1.62215 -1.64682 1.91172
469 -2.30365 -2.44732 -0.22328
470 1.22521 1.23273 0.220271
471 -6.39102 -4.58614 -1.11067
472 0.197693 -1.23364 1.00405
473 0.808998 -0.617358 -0.682033
474 0.148207 -0.0520867 -0.307201
475 0.182021 -0.100236 -0.0890667
476 1.70335 1.64032 -3.18495
477 -0.307505 1.0672 0.487266
478 0.150908 0.126506 0.190327
479 -0.901116 -1.22461 0.440036
480 0.677957 -0.270418 -0.383176
481 -0.336257 0.382313 -0.28153
482 -1.36774 -0.793302 -5.94932
483 -0.839962 3.66177 -1.80294
484 0.384591 0.639839 0.988122
485 2.83445 1.0859 -2.98485
486 0.331287 -0.986476 1.09442
487 -0.229918 -0.799415 -2.58426
488 -0.301978 1.21947 -0.683639
489 1.0091 -0.536338 0.118593
490 0.683514 -0.101296 0.803443
491 2.18942 -0.204598 0.18021
492 0.971487 -18.4502 -14.8958
493 0.381948 -0.481135 -0.992655
494 -0.478901 0.427772 0.218941
495 -1.91206 -0.157541 -3.36262
496 2.70614 -2.60166 2.79113
497 0.849556 -0.412066 -0.266048
498 0.908964 -0.278679 0.916033
499 -1.36774 -0.793302 -5.94932
500 -1.05707 -1.65518 -1.02822
501 -0.520409 -1.83528 -2.32206
502 0.109368 -2.04018 -0.442368
503 0.790569 0.821975 1.47765
504 14.6387 14.6762 14.6236
505 -0.239346 0.25373 0.868612
506 1.58741 -0.214797 1.8412
507 -1.40517 -6.78893 3.01821
508 -1.3888 -2.41408 -0.26324
509 0.971487 -18.4502 -14.8958
510 1.73718 1.78324 0.900634
511 -8.42325 0.546572 -1.34309
512 -2.76713 0.647447 2.3779
513 -16.9918 9.55478 1.80336
514 -7.68948 1.04433 -7.11389
515 0.680544 -0.00536472 -2.69693
516 0.250539 0.0743935 0.116479
517 0.296799 -0.324308 0.292861
518 -0.31639 0.194575 0.83934
519 0.933775 -0.343082 -0.303136
520 -1.23003 2.58116 -1.70477
521 -13.8746 -1.12565 -9.46695
522 0.467937 -1.06721 -0.328559
523 3.57237 0.337002 -2.94614
524 0.241224 0.299739 0.722066
525 -1.21196 -3.9371 -2.61561
526 5.82931 2.58118 -6.56619
527 -2.89411 -3.72855 1.69006
528 15.7284 -10.6965 1.62167
529 0.788028 0.404297 -0.0886769
530 -0.0804309 -1.50516 -0.989562
531 1.49793 -7.33896 0.895273
532 0.0513116 -0.299122 0.161401
533 -0.267205 1.63712 -3.07746
534 1.70335 1.64032 -3.18495
535 -0.681872 -1.10648 -3.78269
536 1.77277 1.2938 0.280218
537 5.41708 -2.05925 5.36941
538 -2.68475 2.55298 -1.16001
539 -2.3288 -1.69764 0.304205
540 -0.603261 0.536705 0.200047
541 -0.200326 0.256799 0.693877
542 -0.298399 -1.84746 1.98038
543 0.453934 0.494375 0.123561
544 0.683514 -0.101296 0.803443
545 -0.101948 -1.07526 0.0102374
546 0.589621 -11.2034 -8.19614
547 -0.133318 -0.737158 -0.579693
548 0.908964 -0.278679 0.916033
549 3.05448 3.23017 -3.5153
550 -0.23304 0.103699 -1.56659
551 -32.1689 -4.08693 -14.2912
552 0.0522554 2.27987 1.98418
553 30.5639 -15.5212 -2.12849
554 1.84595 1.96508 -1.62909
555 0.696053 -0.865744 -1.2527
556 -0.011903 1.37325 0.0290133
557 10.0409 27.1593 38.5122
558 0.586528 0.403492 0.650567
559 3.13337 -2.86059 -4.80049
560 -0.756143 1.51458 -0.906803
561 -0.20607 -0.88919 1.17981
562 0.683514 -0.101296 0.803443
563 0.30651 -0.438797 -0.611048
564 -4.4233 -9.77162 5.11592
565 2.79908 3.5627 -10.4105
566 -0.580052 -0.378653 0.900854
567 -3.57555 6.87392 4.32983
568 0.863382 -0.658671 1.47268
569 0.0900136 -0.127282 0.217631
570 0.699151 -4.88161 11.7406
571 -0.161279 0.00429253 -0.0686377
572 1.42466 -2.66149 -1.13006
573 1.29883 1.36359 -0.0418759
574 0.0945532 -0.103936 -0.753445
575 -2.21252 1.41769 0.919522
576 -1.08507 -0.634046 -0.272031
577 -1.32708 0.595943 -0.428068
578 -1.08084 0.409438 -0.341676
579 -0.901116 -1.22461 0.440036
580 1.71514 -0.246054 0.584856
581 -0.360439 -0.748666 -1.14804
582 0.0125144 -0.0780642 1.13349
583 3.13337 -2.86059 -4.80049
584 0.323676 2.25787 -3.61168
585 -1.96051 -7.06245 5.80589
586 -3.74967 -22.6075 11.6544
587 -11.2864 -1.17398 12.9603
588 -0.285124 -1.48349 -5.90634
589 0.197693 -1.23364 1.00405
590 -0.0839094 0.153208 -0.360834
591 -0.327576 1.44223 1.12494
592 -1.62215 -1.64682 1.91172
593 -0.295555 -0.387533 0.0756508
594 -0.566374 -2.29228 -4.93558
595 0.428053 1.33043 -1.17373
596 -3.14811 -0.637741 -0.960211
597 -0.550635 0.276916 -0.560893
598 0.384591 0.639839 0.988122
599 1.1345 -1.21593 -0.0958765
600 -7.98864 -5.34637 -3.41275
601 -0.595397 -9.05523 6.73122
602 0.463061 0.929174 -0.604786
603 -0.998948 1.23608 3.1339
604 -0.083741 -0.723669 -2.08813
605 -0.542235 2.85409 -1.55879
606 -0.338867 -0.631752 0.212065
607 0.7689 1.20286 -0.86316
608 -1.91033 0.554733 -1.08156
609 0.401375 1.29219 -3.53799
610 -0.110215 -0.0865121 -1.41984
611 0.323676 2.25787 -3.61168
612 -0.868062 -0.0913981 -0.273688
613 -1.54708 0.307139 -0.186458
614 -0.879233 -0.874747 -0.199225
615 0.526423 -0.579256 0.272632
616 -0.38505 -1.2689 0.705143
617 -0.229181 -0.25283 -0.93617
618 0.915671 -0.643477 0.012667
619 -2.20696 0.742109 6.09631
620 -1.18471 -0.411668 0.85795
621 -0.167985 1.71268 -0.699259
622 -1.13134 0.977946 -1.26715
623 -0.262049 0.713221 -1.47782
624 -0.285124 -1.48349 -5.90634
625 0.566562 1.8336 -2.06574
626 -3.45289 1.01533 -0.0507711
627 0.233341 0.422957 0.283667
628 1.33826 0.343785 -1.02641
629 -1.06178 -0.347554 -1.01116
630 0.0849772 0.177989 -0.468171
631 -0.221757 -0.222071 -0.658477
632 0.30651 -0.438797 -0.611048
633 1.65494 0.45932 -0.542475
634 14.1952 15.8899 12.6219
635 0.566562 1.8336 -2.06574
636 -6.70109 -5.66463 8.1842
637 -0.507179 -1.32189 -0.630791
638 -1.62215 -1.64682 1.91172
639 1.31665 -0.494169 -0.0964429
640 -1.73013 -4.60665 3.21312
641 8.68205 1.37942 17.9846
642 -1.40028 1.50282 1.02705
643 0.203788 2.40665 -5.06273
644 0.0284599 1.31696 0.666614
645 -4.36394 1.40979 5.6165
646 -0.0886385 -0.300576 0.501283
647 1.02058 -0.0887683 0.593788
648 0.33857 -0.0601877 -0.733139
649 17.5211 -8.33243 -5.92748
650 -6.45219 -1.09668 -0.378016
651 1.29969 2.16386 -0.715943
652 5.94692 0.453426 1.52903
653 -0.662535 0.528854 -0.0702577
654 -6.73679 -0.602697 -2.96615
655 24.4401 -16.4842 24.6555
656 -2.04717 -1.14173 -4.27999
657 -0.279676 -0.745514 -0.817967
658 -3.85443 -7.59647 -6.17135
659 2.15076 -3.13744 -1.00608
660 0.123558 -1.1566 0.949212
661 0.93984 -0.603222 1.74475
662 -3.07978 7.42544 -8.27769
663 -1.54708 0.307139 -0.186458
664 -16.9918 9.55478 1.80336
665 -4.36394 1.40979 5.6165
666 0.26048 -0.625192 0.715129
667 0.103811 -2.12288 1.70206
668 -1.17718 -0.0639877 0.603813
669 1.37728 0.86464 2.58626
670 9.24741 5.50846 -2.78799
671 -0.30617 -0.673668 -0.0922339
672 -0.690192 2.02015 -0.966982
673 -0.757953 -1.05021 0.955401
674 -0.42423 2.14759 1.86582
675 -2.87654 7.71128 3.84962
676 2.31494 1.65051 -0.0465669
677 -0.617376 1.47861 0.947866
678 -1.30223 -1.65449 0.0919557
679 1.42802 1.19507 0.187086
680 -3.56891 -3.02241 -1.85278
681 0.10506 -1.10203 0.850807
682 65.7434 11.7856 -17.9902
683 1.27835 0.645211 2.13013
684 0.481127 1.46014 -0.166493
685 0.474328 -0.137617 -0.638155
686 1.60125 5.67072 3.01271
687 -0.182649 0.685724 0.191908
688 -0.908982 -0.389632 -0.991382
689 -4.25602 9.17727 -3.62033
690 0.48489 1.51037 -0.887979
691 1.19935 -0.37645 0.289045
692 -0.520409 -1.83528 -2.32206
693 0.675655 0.240339 1.17665
694 -5.03166 -7.85212 -3.59155
695 1.16583 1.34953 1.69169
696 0.727278 -0.260978 0.995552
697 -0.20607 -0.88919 1.17981
698 -1.6923 0.605487 0.97265
699 0.569116 0.865487 -0.274821
700 -0.423322 -0.0311519 -1.66489
701 0.0747206 0.476553 -1.64582
702 0.197693 -1.23364 1.00405
703 -0.997616 1.47308 -0.146235
704 -1.87155 0.0691381 2.09395
705 0.263649 12.4938 -10.717
706 5.82496 4.97743 4.44617
707 0.677957 -0.270418 -0.383176
708 0.163932 -5.53914 5.05439
709 -0.894562 -0.839588 0.00449574
710 0.457136 -0.14601 0.35783
711 -1.44142 4.13759 12.8446
712 0.586528 0.403492 0.650567
713 0.403256 -0.248824 -0.268237
714 -0.267205 1.63712 -3.07746
715 0.024445 0.236345 -0.402958
716 -0.31639 0.194575 0.83934
717 -0.551556 1.10357 0.7501
718 -29.2754 24.3553 -47.9836
719 6.18323 8.88873 4.57465
720 -0.229918 -0.799415 -2.58426
721 -1.70925 -0.0267104 0.203562
722 -41.5563 6.94364 -1.71677
723 49.7211 -120.323 -64.3941
724 0.139046 1.21673 2.52942
725 0.939472 2.3319 0.942255
726 -0.871328 -0.195332 0.41759
727 1.70335 1.64032 -3.18495
728 -1.55581 0.713945 -1.33997
729 6.14117 3.59992 -4.52254
730 -0.0301046 1.15154 0.564171
731 0.269464 0.202267 1.30839
732 -0.161279 0.00429253 -0.0686377
733 0.176818 -1.81415 1.22882
734 -1.6923 0.605487 0.97265
735 0.782999 -1.63604 -0.464124
736 -3.66271 0.20681 0.423368
737 4.64611 1.66601 -8.55904
738 0.107295 0.0597031 0.574156
739 -1.87979 -10.5638 1.33321
740 -0.726453 0.600755 1.59354
741 4.64611 1.66601 -8.55904
742 1.36242 0.33577 0.914155
743 -1.89121 -0.1381 1.63027
744 -1.71387 0.0955397 1.70129
745 -0.485135 0.790239 0.942336
746 -0.204116 -0.515857 0.350052
747 -0.330655 -0.0251667 -1.0705
748 1.02058 -0.0887683 0.593788
749 -2.20914 -3.06765 4.64795
750 1.48688 -1.69337 -1.89783
751 -0.0787484 6.71002 5.39307
752 1.64212 -0.733621 -1.09945
753 17.7444 -10.6739 -5.63339
754 1.2521 -0.93524 -0.635567
755 -0.418867 -0.0270813 -0.367851
756 1.0908 0.812003 -1.86103
757 -3.52191 -0.520992 -0.33213
758 0.0900136 -0.127282 0.217631
759 -1.141 -0.844953 -3.00873
760 -1.02244 -0.398104 0.680926
761 0.588255 -0.528081 -0.379889
762 1.15359 -0.324756 -0.525678
763 -8.74494 14.1829 -19.7347
764 -0.275746 0.458681 -1.08841
765 5.82496 4.97743 4.44617
766 -0.267205 1.63712 -3.07746
767 0.997921 -1.93968 3.42397
768 -1.42155 -1.28117 1.72761
769 2.42337 1.72228 0.24472
770 -0.0901838 0.0876461 -0.314367
771 1.29883 1.36359 -0.0418759
772 1.18412 1.86503 0.149943
773 0.725135 -0.0402647 0.314198
774 0.193983 1.00868 -2.42942
775 0.233341 0.422957 0.283667
776 -1.66814 -3.96528 0.989172
777 3.79868 3.67617 -5.20431
778 1.49793 -7.33896 0.895273
779 -0.995078 0.132804 -0.307806
780 -0.707669 1.95177 -1.17704
781 -4.24107 -1.88264 2.62593
782 1.44331 0.0586808 2.97212
783 1.49517 -0.602159 1.22387
784 -1.87155 0.0691381 2.09395
785 0.127376 -0.198946 -0.588285
786 0.561332 -0.473367 0.691211
787 -0.694283 0.797164 -1.65515
788 4.89932 7.30146 -1.6668
789 -1.19252 -0.46196 -0.96398
790 0.222064 -0.239131 2.09608
791 -3.70822 1.14112 -1.43209
792 0.948378 0.145621 0.0487014
793 -0.284887 0.332784 0.17928
794 -0.119739 -0.188284 -1.36243
795 -122.363 -1.34749 26.0563
796 -3.85443 -7.59647 -6.17135
797 -1.35924 1.8075 -0.911293
798 -5.99683 -2.52959 0.960722
799 -15.5441 11.6805 -3.16194
800 2.44723 0.342111 -2.30497
801 -4.4233 -9.77162 5.11592
802 5.32213 -9.5754 7.75262
803 0.119644 0.35663 -0.91088
804 2.69339 0.935049 -1.85025
805 1.73718 1.78324 0.900634
806 3.7722 -9.38787 -0.898291
807 1.30168 0.305886 1.17036
808 -0.894562 -0.839588 0.00449574
809 0.481127 1.46014 -0.166493
810 0.207616 -0.180967 -0.536902
