0.000000 	 0.000000 	 1.000000 	 0.500000 	 -0.866025 	 0.000000 
 0.000000 	 0.000000 	 1.000000 	 0.500000 	 0.866025 	 0.000000 
 0.000000 	 0.000000 	 1.000000 	 -1.000000 	 0.000000 	 0.000000 
 0.000000 	 1.000000 	 0.000000 	 1.000000 	 0.000000 	 0.000000 
 -0.866025 	 0.500000 	 0.000000 	 0.500000 	 0.866025 	 0.000000 
 -0.866025 	 -0.500000 	 0.000000 	 -0.500000 	 0.866025 	 0.000000 
 0.000000 	 -0.882377 	 0.470543 	 1.000000 	 0.000000 	 0.000000 
 0.764161 	 -0.441189 	 0.470543 	 0.500000 	 0.866025 	 0.000000 
 0.764161 	 0.441189 	 0.470543 	 -0.500000 	 0.866025 	 0.000000 
 0.000000 	 0.882377 	 0.470543 	 -1.000000 	 0.000000 	 0.000000 
 -0.764161 	 0.441189 	 0.470543 	 -0.500000 	 -0.866025 	 0.000000 
 -0.764161 	 -0.441189 	 0.470543 	 0.500000 	 -0.866025 	 0.000000 
 0.425757 	 -0.737433 	 0.524331 	 -0.262166 	 0.454084 	 0.851514 
 0.851514 	 0.000000 	 0.524331 	 -0.524331 	 0.000000 	 0.851514 
 0.425757 	 0.737433 	 0.524331 	 -0.262166 	 -0.454084 	 0.851514 
 -0.425757 	 0.737433 	 0.524331 	 0.262166 	 -0.454084 	 0.851514 
 -0.851514 	 0.000000 	 0.524331 	 0.524331 	 0.000000 	 0.851514 
 -0.425757 	 -0.737433 	 0.524331 	 0.262166 	 0.454084 	 0.851514 
 